{
 "cells": [
  {
   "cell_type": "markdown",
   "id": "057e15b4-f5fc-4dee-95aa-291c3e42cbd4",
   "metadata": {},
   "source": [
    "# Euler Angles Functions"
   ]
  },
  {
   "cell_type": "code",
   "execution_count": 1,
   "id": "606d314f-1d08-4c4d-aa6f-f6465c1ae0f8",
   "metadata": {},
   "outputs": [],
   "source": [
    "import numpy as np"
   ]
  },
  {
   "cell_type": "markdown",
   "id": "c079624c-7dea-4c1d-924f-d0d348f34708",
   "metadata": {},
   "source": [
    "# 1) Rotation Matrix Defintions"
   ]
  },
  {
   "cell_type": "code",
   "execution_count": 2,
   "id": "f86100e3-a2a6-4109-8934-ff505eb68ed8",
   "metadata": {},
   "outputs": [],
   "source": [
    "def rotation_matrix_x(phi, transformation_type='passive'):\n",
    "    \"\"\"Generate rotation matrix for a roll (rotation about the x-axis).\n",
    "    \n",
    "    Args:\n",
    "        phi (float): The angle of rotation in degrees.\n",
    "        transformation_type (str): Specifies the type of transformation, 'passive' (default) or 'active'.\n",
    "    \n",
    "    Returns:\n",
    "        numpy.ndarray: The rotation matrix for x-axis rotation.\n",
    "    \"\"\"\n",
    "    phi = np.radians(phi)\n",
    "    c, s = np.cos(phi), np.sin(phi)\n",
    "    matrix = np.array([[1,  0,  0], \n",
    "                       [0,  c,  s], \n",
    "                       [0, -s, c]])\n",
    "    \n",
    "    if transformation_type == 'active':\n",
    "        return matrix.T\n",
    "    \n",
    "    return matrix\n",
    "\n",
    "def rotation_matrix_y(theta, transformation_type='passive'):\n",
    "    \"\"\"Generate rotation matrix for a pitch (rotation about the y-axis).\n",
    "    \n",
    "    Args:\n",
    "        theta (float): The angle of rotation in degrees.\n",
    "        transformation_type (str): Specifies the type of transformation, 'passive' (default) or 'active'.\n",
    "    \n",
    "    Returns:\n",
    "        numpy.ndarray: The rotation matrix for y-axis rotation.\n",
    "    \"\"\"\n",
    "    theta = np.radians(theta)\n",
    "    c, s = np.cos(theta), np.sin(theta)\n",
    "    matrix = np.array([[c,  0, -s], \n",
    "                       [0,  1,  0], \n",
    "                       [s,  0,  c]])\n",
    "    \n",
    "    if transformation_type == 'active':\n",
    "        return matrix.T\n",
    "    \n",
    "    return matrix\n",
    "\n",
    "def rotation_matrix_z(psi, transformation_type='passive'):\n",
    "    \"\"\"Generate rotation matrix for a yaw (rotation about the z-axis).\n",
    "    \n",
    "    Args:\n",
    "        psi (float): The angle of rotation in degrees.\n",
    "        transformation_type (str): Specifies the type of transformation, 'passive' (default) or 'active'.\n",
    "    \n",
    "    Returns:\n",
    "        numpy.ndarray: The rotation matrix for z-axis rotation.\n",
    "    \"\"\"\n",
    "    psi = np.radians(psi)\n",
    "    c, s = np.cos(psi), np.sin(psi)\n",
    "    matrix = np.array([[ c,  s,  0], \n",
    "                       [-s,  c,  0], \n",
    "                       [ 0,  0,  1]])\n",
    "    \n",
    "    if transformation_type == 'active':\n",
    "        return matrix.T\n",
    "    \n",
    "    return matrix"
   ]
  },
  {
   "cell_type": "markdown",
   "id": "49802d50-db29-4ffa-b30e-2ba856135de9",
   "metadata": {},
   "source": [
    "# 2) Euler_to_DCM"
   ]
  },
  {
   "cell_type": "code",
   "execution_count": 3,
   "id": "ef997eed-18e5-4029-a09b-b95977a78967",
   "metadata": {},
   "outputs": [],
   "source": [
    "def Euler_to_DCM(angles, sequence, transformation_type='passive'):\n",
    "    \"\"\"\n",
    "    Converts a set of Euler angles into a Direction Cosine Matrix (DCM)\n",
    "    based on the specified rotation sequence.\n",
    "\n",
    "    Args:\n",
    "        angles (array-like): A list or array of three rotation angles in degrees,\n",
    "                             corresponding to the axes in the rotation sequence.\n",
    "        sequence (str): The rotation sequence as a string (e.g., '321' or 'zyx').\n",
    "                        The sequence defines the order and axes of rotations.\n",
    "        transformation_type (str): 'active' or 'passive' rotation.\n",
    "\n",
    "    Returns:\n",
    "        numpy.ndarray: A 3x3 Direction Cosine Matrix (DCM).\n",
    "    \"\"\"\n",
    "    if len(angles) != 3:\n",
    "        raise ValueError(\"Angles must be a list or array of three elements.\")\n",
    "\n",
    "    if len(sequence) != 3:\n",
    "        raise ValueError(\"Rotation sequence must be a string of three characters.\")\n",
    "\n",
    "    # Convert the sequence to lower case to handle both upper and lower case inputs\n",
    "    sequence = sequence.lower()\n",
    "\n",
    "    # Validate and map the rotation sequence to 'x', 'y', 'z'\n",
    "    valid_axes = {'1': 'x', \n",
    "                  '2': 'y', \n",
    "                  '3': 'z', \n",
    "                  'x': 'x', \n",
    "                  'y': 'y', \n",
    "                  'z': 'z'}\n",
    "    mapped_sequence = ''\n",
    "    for axis_char in sequence:\n",
    "        if axis_char not in valid_axes:\n",
    "            raise ValueError(f\"Invalid axis '{axis_char}' in rotation sequence. Use '1', '2', '3', 'x', 'y', or 'z'.\")\n",
    "        mapped_sequence += valid_axes[axis_char]\n",
    "\n",
    "    # Now mapped_sequence contains only 'x', 'y', 'z'\n",
    "    # Map axis characters to rotation functions\n",
    "    axis_functions = {\n",
    "        'x': rotation_matrix_x,\n",
    "        'y': rotation_matrix_y,\n",
    "        'z': rotation_matrix_z\n",
    "    }\n",
    "\n",
    "    # List to store the rotation matrices\n",
    "    rotation_matrices = []\n",
    "\n",
    "    # Map each angle to its corresponding axis in the mapped sequence\n",
    "    for angle_deg, axis_char in zip(angles, mapped_sequence):\n",
    "        # Get the corresponding rotation function\n",
    "        rotation_function = axis_functions[axis_char]\n",
    "        \n",
    "        # Compute the rotation matrix\n",
    "        R = rotation_function(angle_deg, transformation_type=transformation_type)\n",
    "        \n",
    "        # Append to the list\n",
    "        rotation_matrices.append(R)\n",
    "\n",
    "    # Initialize the DCM as an identity matrix\n",
    "    DCM = np.eye(3)\n",
    "\n",
    "    # Apply the rotations in reverse order for proper sequencing\n",
    "    # Since rotations are applied right-to-left (R3 * R2 * R1 * v)\n",
    "    for R in rotation_matrices:\n",
    "        DCM = np.matmul(R, DCM)\n",
    "\n",
    "    return DCM"
   ]
  },
  {
   "cell_type": "markdown",
   "id": "1a2cbf36-a331-4b6a-b76d-c897433c0943",
   "metadata": {},
   "source": [
    "## 2.1 - Functional Testing of Euler_to_DCM"
   ]
  },
  {
   "cell_type": "code",
   "execution_count": 4,
   "id": "d69ac19b-5417-4e02-a0bf-bab68667b0b5",
   "metadata": {
    "scrolled": true
   },
   "outputs": [
    {
     "name": "stdout",
     "output_type": "stream",
     "text": [
      "Sequence      : 121\n",
      "SciPy Sequence: xyx\n",
      "\n",
      "DCM from your function:\n",
      "[[ 0.70710678  0.35355339  0.61237244]\n",
      " [ 0.61237244  0.12682648 -0.78033009]\n",
      " [-0.35355339  0.9267767  -0.12682648]]\n",
      "\n",
      "DCM from SciPy:\n",
      "[[ 0.70710678  0.35355339  0.61237244]\n",
      " [ 0.61237244  0.12682648 -0.78033009]\n",
      " [-0.35355339  0.9267767  -0.12682648]]\n",
      "\n",
      "Max difference between custom DCM and SciPy DCM: 1.11e-16\n",
      "----------------------------------------------------------------------------------------------------\n",
      "Sequence      : 123\n",
      "SciPy Sequence: xyz\n",
      "\n",
      "DCM from your function:\n",
      "[[ 0.35355339 -0.5732233   0.73919892]\n",
      " [ 0.61237244  0.73919892  0.28033009]\n",
      " [-0.70710678  0.35355339  0.61237244]]\n",
      "\n",
      "DCM from SciPy:\n",
      "[[ 0.35355339 -0.5732233   0.73919892]\n",
      " [ 0.61237244  0.73919892  0.28033009]\n",
      " [-0.70710678  0.35355339  0.61237244]]\n",
      "\n",
      "Max difference between custom DCM and SciPy DCM: 1.11e-16\n",
      "----------------------------------------------------------------------------------------------------\n",
      "Sequence      : 131\n",
      "SciPy Sequence: xzx\n",
      "\n",
      "DCM from your function:\n",
      "[[ 0.70710678 -0.61237244  0.35355339]\n",
      " [ 0.35355339 -0.12682648 -0.9267767 ]\n",
      " [ 0.61237244  0.78033009  0.12682648]]\n",
      "\n",
      "DCM from SciPy:\n",
      "[[ 0.70710678 -0.61237244  0.35355339]\n",
      " [ 0.35355339 -0.12682648 -0.9267767 ]\n",
      " [ 0.61237244  0.78033009  0.12682648]]\n",
      "\n",
      "Max difference between custom DCM and SciPy DCM: 1.39e-16\n",
      "----------------------------------------------------------------------------------------------------\n",
      "Sequence      : 132\n",
      "SciPy Sequence: xzy\n",
      "\n",
      "DCM from your function:\n",
      "[[ 0.35355339  0.12682648  0.9267767 ]\n",
      " [ 0.70710678  0.61237244 -0.35355339]\n",
      " [-0.61237244  0.78033009  0.12682648]]\n",
      "\n",
      "DCM from SciPy:\n",
      "[[ 0.35355339  0.12682648  0.9267767 ]\n",
      " [ 0.70710678  0.61237244 -0.35355339]\n",
      " [-0.61237244  0.78033009  0.12682648]]\n",
      "\n",
      "Max difference between custom DCM and SciPy DCM: 2.22e-16\n",
      "----------------------------------------------------------------------------------------------------\n",
      "Sequence      : 212\n",
      "SciPy Sequence: yxy\n",
      "\n",
      "DCM from your function:\n",
      "[[ 0.12682648  0.61237244  0.78033009]\n",
      " [ 0.35355339  0.70710678 -0.61237244]\n",
      " [-0.9267767   0.35355339 -0.12682648]]\n",
      "\n",
      "DCM from SciPy:\n",
      "[[ 0.12682648  0.61237244  0.78033009]\n",
      " [ 0.35355339  0.70710678 -0.61237244]\n",
      " [-0.9267767   0.35355339 -0.12682648]]\n",
      "\n",
      "Max difference between custom DCM and SciPy DCM: 1.11e-16\n",
      "----------------------------------------------------------------------------------------------------\n",
      "Sequence      : 213\n",
      "SciPy Sequence: yxz\n",
      "\n",
      "DCM from your function:\n",
      "[[ 0.12682648 -0.61237244  0.78033009]\n",
      " [ 0.9267767   0.35355339  0.12682648]\n",
      " [-0.35355339  0.70710678  0.61237244]]\n",
      "\n",
      "DCM from SciPy:\n",
      "[[ 0.12682648 -0.61237244  0.78033009]\n",
      " [ 0.9267767   0.35355339  0.12682648]\n",
      " [-0.35355339  0.70710678  0.61237244]]\n",
      "\n",
      "Max difference between custom DCM and SciPy DCM: 2.22e-16\n",
      "----------------------------------------------------------------------------------------------------\n",
      "Sequence      : 231\n",
      "SciPy Sequence: yzx\n",
      "\n",
      "DCM from your function:\n",
      "[[ 0.61237244 -0.70710678  0.35355339]\n",
      " [ 0.73919892  0.35355339 -0.5732233 ]\n",
      " [ 0.28033009  0.61237244  0.73919892]]\n",
      "\n",
      "DCM from SciPy:\n",
      "[[ 0.61237244 -0.70710678  0.35355339]\n",
      " [ 0.73919892  0.35355339 -0.5732233 ]\n",
      " [ 0.28033009  0.61237244  0.73919892]]\n",
      "\n",
      "Max difference between custom DCM and SciPy DCM: 1.11e-16\n",
      "----------------------------------------------------------------------------------------------------\n",
      "Sequence      : 232\n",
      "SciPy Sequence: yzy\n",
      "\n",
      "DCM from your function:\n",
      "[[-0.12682648 -0.35355339  0.9267767 ]\n",
      " [ 0.61237244  0.70710678  0.35355339]\n",
      " [-0.78033009  0.61237244  0.12682648]]\n",
      "\n",
      "DCM from SciPy:\n",
      "[[-0.12682648 -0.35355339  0.9267767 ]\n",
      " [ 0.61237244  0.70710678  0.35355339]\n",
      " [-0.78033009  0.61237244  0.12682648]]\n",
      "\n",
      "Max difference between custom DCM and SciPy DCM: 1.39e-16\n",
      "----------------------------------------------------------------------------------------------------\n",
      "Sequence      : 312\n",
      "SciPy Sequence: zxy\n",
      "\n",
      "DCM from your function:\n",
      "[[ 0.73919892  0.28033009  0.61237244]\n",
      " [ 0.35355339  0.61237244 -0.70710678]\n",
      " [-0.5732233   0.73919892  0.35355339]]\n",
      "\n",
      "DCM from SciPy:\n",
      "[[ 0.73919892  0.28033009  0.61237244]\n",
      " [ 0.35355339  0.61237244 -0.70710678]\n",
      " [-0.5732233   0.73919892  0.35355339]]\n",
      "\n",
      "Max difference between custom DCM and SciPy DCM: 1.11e-16\n",
      "----------------------------------------------------------------------------------------------------\n",
      "Sequence      : 313\n",
      "SciPy Sequence: zxz\n",
      "\n",
      "DCM from your function:\n",
      "[[ 0.12682648 -0.78033009  0.61237244]\n",
      " [ 0.9267767  -0.12682648 -0.35355339]\n",
      " [ 0.35355339  0.61237244  0.70710678]]\n",
      "\n",
      "DCM from SciPy:\n",
      "[[ 0.12682648 -0.78033009  0.61237244]\n",
      " [ 0.9267767  -0.12682648 -0.35355339]\n",
      " [ 0.35355339  0.61237244  0.70710678]]\n",
      "\n",
      "Max difference between custom DCM and SciPy DCM: 1.11e-16\n",
      "----------------------------------------------------------------------------------------------------\n",
      "Sequence      : 321\n",
      "SciPy Sequence: zyx\n",
      "\n",
      "DCM from your function:\n",
      "[[ 0.61237244 -0.35355339  0.70710678]\n",
      " [ 0.78033009  0.12682648 -0.61237244]\n",
      " [ 0.12682648  0.9267767   0.35355339]]\n",
      "\n",
      "DCM from SciPy:\n",
      "[[ 0.61237244 -0.35355339  0.70710678]\n",
      " [ 0.78033009  0.12682648 -0.61237244]\n",
      " [ 0.12682648  0.9267767   0.35355339]]\n",
      "\n",
      "Max difference between custom DCM and SciPy DCM: 2.22e-16\n",
      "----------------------------------------------------------------------------------------------------\n",
      "Sequence      : 323\n",
      "SciPy Sequence: zyz\n",
      "\n",
      "DCM from your function:\n",
      "[[-0.12682648 -0.9267767   0.35355339]\n",
      " [ 0.78033009  0.12682648  0.61237244]\n",
      " [-0.61237244  0.35355339  0.70710678]]\n",
      "\n",
      "DCM from SciPy:\n",
      "[[-0.12682648 -0.9267767   0.35355339]\n",
      " [ 0.78033009  0.12682648  0.61237244]\n",
      " [-0.61237244  0.35355339  0.70710678]]\n",
      "\n",
      "Max difference between custom DCM and SciPy DCM: 1.11e-16\n",
      "----------------------------------------------------------------------------------------------------\n"
     ]
    }
   ],
   "source": [
    "from scipy.spatial.transform import Rotation as R\n",
    "\n",
    "# List of all 12 possible Euler angle sequences\n",
    "sequences = ['121', '123', '131', '132', '212', '213',\n",
    "             '231', '232', '312', '313', '321', '323']\n",
    "\n",
    "# Input angles\n",
    "angles_input = [30, 45, 60]    # Angles in degrees\n",
    "transformation_type = 'active' # scipy rotation matrix is in active conventions\n",
    "\n",
    "# Mapping from numeric axes to alphabetic axes for SciPy\n",
    "axis_map = {'1': 'x', \n",
    "            '2': 'y', \n",
    "            '3': 'z'}\n",
    "\n",
    "for sequence in sequences:\n",
    "    # Map numeric sequence to alphabetic sequence for SciPy\n",
    "    sequence_scipy = ''.join([axis_map[axis] for axis in sequence])\n",
    "    \n",
    "    # Generate DCM using your function\n",
    "    DCM_custom = Euler_to_DCM(angles_input, sequence, transformation_type)\n",
    "    \n",
    "    # Generate DCM using SciPy\n",
    "    r = R.from_euler(sequence_scipy, angles_input, degrees=True)\n",
    "    DCM_scipy = r.as_matrix()\n",
    "    \n",
    "    # Adjust for rotation conventions (passive vs. active)\n",
    "    # Since your DCM is passive and SciPy's is active, transpose SciPy's DCM\n",
    "    #DCM_scipy_T = DCM_scipy  # Transpose to match passive convention\n",
    "    \n",
    "    # Compare DCMs\n",
    "    DCM_difference = DCM_custom - DCM_scipy\n",
    "    max_diff = np.max(np.abs(DCM_difference))\n",
    "    \n",
    "    # Print results\n",
    "    print(f\"Sequence      : {sequence}\")\n",
    "    print(f\"SciPy Sequence: {sequence_scipy}\")\n",
    "    print(\"\")\n",
    "    print(\"DCM from your function:\")\n",
    "    print(DCM_custom)\n",
    "    print(\"\")\n",
    "    print(\"DCM from SciPy:\")\n",
    "    print(DCM_scipy)\n",
    "    print(\"\")\n",
    "    print(f\"Max difference between custom DCM and SciPy DCM: {max_diff:.2e}\")\n",
    "    print(\"-\" * 100)"
   ]
  },
  {
   "cell_type": "code",
   "execution_count": null,
   "id": "49a8d041-f51b-452f-b6ab-315246d63b21",
   "metadata": {},
   "outputs": [],
   "source": []
  },
  {
   "cell_type": "markdown",
   "id": "def3c79a-405c-481e-9990-007971f29693",
   "metadata": {},
   "source": [
    "# 3) DCM_to_Euler"
   ]
  },
  {
   "cell_type": "code",
   "execution_count": 5,
   "id": "2a58f289-21d2-4812-81ad-1047b40b0366",
   "metadata": {},
   "outputs": [],
   "source": [
    "def DCM_to_Euler(DCM, sequence, transformation_type='passive'):\n",
    "    \"\"\"\n",
    "    Converts a Direction Cosine Matrix (DCM) into a set of Euler angles\n",
    "    based on the specified rotation sequence.\n",
    "\n",
    "    Args:\n",
    "        DCM (numpy.ndarray): A 3x3 Direction Cosine Matrix.\n",
    "        sequence (str): The rotation sequence as a string (e.g., '321' or 'zyx').\n",
    "                        The sequence defines the order and axes of rotations.\n",
    "        transformation_type (str): 'active' or 'passive' rotation.\n",
    "\n",
    "    Returns:\n",
    "        tuple: A tuple of three Euler angles in degrees, corresponding to the axes in the rotation sequence.\n",
    "\n",
    "    Notes:\n",
    "        - The function handles both 'active' and 'passive' transformations.\n",
    "        - The output angles are in degrees.\n",
    "        - The function accounts for possible singularities in the rotation representation.\n",
    "    \"\"\"\n",
    "    # Validate the input DCM\n",
    "    if DCM.shape != (3, 3):\n",
    "        raise ValueError(\"DCM must be a 3x3 matrix.\")\n",
    "\n",
    "    # Validate and parse the rotation sequence\n",
    "    if len(sequence) != 3:\n",
    "        raise ValueError(\"Rotation sequence must be a string of three characters.\")\n",
    "\n",
    "    # Convert the sequence to lower case to handle both upper and lower case inputs\n",
    "    sequence = sequence.lower()\n",
    "\n",
    "    # Validate and map the rotation sequence to '1', '2', '3'\n",
    "    valid_axes = {'1', '2', '3', 'x', 'y', 'z'}\n",
    "    axis_map = {'x': '1', \n",
    "                'y': '2', \n",
    "                'z': '3'}\n",
    "    seq_mapped = ''\n",
    "    for axis_char in sequence:\n",
    "        if axis_char not in valid_axes:\n",
    "            raise ValueError(f\"Invalid axis '{axis_char}' in rotation sequence.\")\n",
    "        seq_mapped += axis_map.get(axis_char, axis_char)\n",
    "\n",
    "    # Handle the transformation type once\n",
    "    if transformation_type == 'active':\n",
    "        DCM = DCM.T  # Transpose for active transformation\n",
    "    elif transformation_type != 'passive':\n",
    "        raise ValueError(\"transformation_type must be 'active' or 'passive'.\")\n",
    "\n",
    "    # Extract angles based on the rotation sequence\n",
    "    seq = seq_mapped\n",
    "\n",
    "    # Initialize angles\n",
    "    theta_1 = 0\n",
    "    theta_2 = 0\n",
    "    theta_3 = 0\n",
    "\n",
    "    # Use if-elif chain to handle different sequences\n",
    "    if seq == '121':\n",
    "        theta_1 = np.arctan2(DCM[0,1], -DCM[0,2])\n",
    "        theta_2 = np.arccos(DCM[0,0])\n",
    "        theta_3 = np.arctan2(DCM[1,0], DCM[2,0])\n",
    "    \n",
    "    elif seq == '123':\n",
    "        theta_1 = np.arctan2(-DCM[2,1], DCM[2,2])\n",
    "        theta_2 = np.arcsin(DCM[2,0])\n",
    "        theta_3 = np.arctan2(-DCM[1,0], DCM[0,0])\n",
    "    \n",
    "    elif seq == '131':\n",
    "        theta_1 = np.arctan2(DCM[0,2], DCM[0,1])\n",
    "        theta_2 = np.arccos(DCM[0,0])\n",
    "        theta_3 = np.arctan2(DCM[2,0], -DCM[1,0])\n",
    "    \n",
    "    elif seq == '132':\n",
    "        theta_1 = np.arctan2(DCM[1,2], DCM[1,1])\n",
    "        theta_2 = np.arcsin(-DCM[1,0])\n",
    "        theta_3 = np.arctan2(DCM[2,0], DCM[0,0])\n",
    "    \n",
    "    elif seq == '212':\n",
    "        theta_1 = np.arctan2(DCM[1,0], DCM[1,2])\n",
    "        theta_2 = np.arccos(DCM[1,1])\n",
    "        theta_3 = np.arctan2(DCM[0,1], -DCM[2,1])\n",
    "    \n",
    "    elif seq == '213':\n",
    "        theta_1 = np.arctan2(DCM[2,0], DCM[2,2])\n",
    "        theta_2 = np.arcsin(-DCM[2,1])\n",
    "        theta_3 = np.arctan2(DCM[0,1], DCM[1,1])\n",
    "    \n",
    "    elif seq == '231':\n",
    "        theta_1 = np.arctan2(-DCM[0,2], DCM[0,0])\n",
    "        theta_2 = np.arcsin(DCM[0,1])\n",
    "        theta_3 = np.arctan2(-DCM[2,1], DCM[1,1])\n",
    "    \n",
    "    elif seq == '232':\n",
    "        theta_1 = np.arctan2(DCM[1,2], -DCM[1,0])\n",
    "        theta_2 = np.arccos(DCM[1,1])\n",
    "        theta_3 = np.arctan2(DCM[2,1], DCM[0,1])\n",
    "    \n",
    "    elif seq == '312':\n",
    "        theta_1 = np.arctan2(-DCM[1,0], DCM[1,1])\n",
    "        theta_2 = np.arcsin(DCM[1,2])\n",
    "        theta_3 = np.arctan2(-DCM[0,2], DCM[2,2])\n",
    "    \n",
    "    elif seq == '313':\n",
    "        theta_1 = np.arctan2(DCM[2,0], -DCM[2,1])\n",
    "        theta_2 = np.arccos(DCM[2,2])\n",
    "        theta_3 = np.arctan2(DCM[0,2], DCM[1,2])\n",
    "    \n",
    "    elif seq == '321':\n",
    "        theta_1 = np.arctan2(DCM[0,1], DCM[0,0])\n",
    "        theta_2 = np.arcsin(-DCM[0,2])\n",
    "        theta_3 = np.arctan2(DCM[1,2], DCM[2,2])\n",
    "    \n",
    "    elif seq == '323':\n",
    "        theta_1 = np.arctan2(DCM[2,1], DCM[2,0])\n",
    "        theta_2 = np.arccos(DCM[2,2])\n",
    "        theta_3 = np.arctan2(DCM[1,2], -DCM[0,2])\n",
    "    \n",
    "    else:\n",
    "        raise NotImplementedError(f\"Rotation sequence '{sequence}' is not implemented.\")\n",
    "\n",
    "    # Convert angles from radians to degrees\n",
    "    angles_deg = np.rad2deg([theta_1, theta_2, theta_3])\n",
    "\n",
    "    return tuple(angles_deg)"
   ]
  },
  {
   "cell_type": "code",
   "execution_count": null,
   "id": "5f72a231-c245-402d-9375-5790bb251026",
   "metadata": {},
   "outputs": [],
   "source": []
  },
  {
   "cell_type": "markdown",
   "id": "e8e9c4ad-61db-46fe-b4ff-a4eecd46a5e1",
   "metadata": {},
   "source": [
    "## 3.1 - Functional Testing of DCM_to_Euler"
   ]
  },
  {
   "cell_type": "code",
   "execution_count": 6,
   "id": "4a2399b4-b963-41d9-8a09-103bf798bbd8",
   "metadata": {},
   "outputs": [
    {
     "name": "stdout",
     "output_type": "stream",
     "text": [
      "Sequence      : 121\n",
      "\n",
      "Input Euler Angles    : [-30, 90, 0]\n",
      "Extracted Euler Angles: (-29.999999999999996, 90.0, 0.0)\n",
      "\n",
      "Difference between input and extracted angles: [-3.55271368e-15  0.00000000e+00  0.00000000e+00]\n",
      "----------------------------------------------------------------------------------------------------\n",
      "Sequence      : 123\n",
      "\n",
      "Input Euler Angles    : [-30, 90, 0]\n",
      "Extracted Euler Angles: (-29.999999999999996, 90.0, -0.0)\n",
      "\n",
      "Difference between input and extracted angles: [-3.55271368e-15  0.00000000e+00  0.00000000e+00]\n",
      "----------------------------------------------------------------------------------------------------\n",
      "Sequence      : 131\n",
      "\n",
      "Input Euler Angles    : [-30, 90, 0]\n",
      "Extracted Euler Angles: (-29.999999999999996, 90.0, 0.0)\n",
      "\n",
      "Difference between input and extracted angles: [-3.55271368e-15  0.00000000e+00  0.00000000e+00]\n",
      "----------------------------------------------------------------------------------------------------\n",
      "Sequence      : 132\n",
      "\n",
      "Input Euler Angles    : [-30, 90, 0]\n",
      "Extracted Euler Angles: (-29.999999999999996, 90.0, 0.0)\n",
      "\n",
      "Difference between input and extracted angles: [-3.55271368e-15  0.00000000e+00  0.00000000e+00]\n",
      "----------------------------------------------------------------------------------------------------\n",
      "Sequence      : 212\n",
      "\n",
      "Input Euler Angles    : [-30, 90, 0]\n",
      "Extracted Euler Angles: (-29.999999999999996, 90.0, 0.0)\n",
      "\n",
      "Difference between input and extracted angles: [-3.55271368e-15  0.00000000e+00  0.00000000e+00]\n",
      "----------------------------------------------------------------------------------------------------\n",
      "Sequence      : 213\n",
      "\n",
      "Input Euler Angles    : [-30, 90, 0]\n",
      "Extracted Euler Angles: (-29.999999999999996, 90.0, 0.0)\n",
      "\n",
      "Difference between input and extracted angles: [-3.55271368e-15  0.00000000e+00  0.00000000e+00]\n",
      "----------------------------------------------------------------------------------------------------\n",
      "Sequence      : 231\n",
      "\n",
      "Input Euler Angles    : [-30, 90, 0]\n",
      "Extracted Euler Angles: (-29.999999999999996, 90.0, -0.0)\n",
      "\n",
      "Difference between input and extracted angles: [-3.55271368e-15  0.00000000e+00  0.00000000e+00]\n",
      "----------------------------------------------------------------------------------------------------\n",
      "Sequence      : 232\n",
      "\n",
      "Input Euler Angles    : [-30, 90, 0]\n",
      "Extracted Euler Angles: (-29.999999999999996, 90.0, 0.0)\n",
      "\n",
      "Difference between input and extracted angles: [-3.55271368e-15  0.00000000e+00  0.00000000e+00]\n",
      "----------------------------------------------------------------------------------------------------\n",
      "Sequence      : 312\n",
      "\n",
      "Input Euler Angles    : [-30, 90, 0]\n",
      "Extracted Euler Angles: (-29.999999999999996, 90.0, -0.0)\n",
      "\n",
      "Difference between input and extracted angles: [-3.55271368e-15  0.00000000e+00  0.00000000e+00]\n",
      "----------------------------------------------------------------------------------------------------\n",
      "Sequence      : 313\n",
      "\n",
      "Input Euler Angles    : [-30, 90, 0]\n",
      "Extracted Euler Angles: (-29.999999999999996, 90.0, 0.0)\n",
      "\n",
      "Difference between input and extracted angles: [-3.55271368e-15  0.00000000e+00  0.00000000e+00]\n",
      "----------------------------------------------------------------------------------------------------\n",
      "Sequence      : 321\n",
      "\n",
      "Input Euler Angles    : [-30, 90, 0]\n",
      "Extracted Euler Angles: (-29.999999999999996, 90.0, 0.0)\n",
      "\n",
      "Difference between input and extracted angles: [-3.55271368e-15  0.00000000e+00  0.00000000e+00]\n",
      "----------------------------------------------------------------------------------------------------\n",
      "Sequence      : 323\n",
      "\n",
      "Input Euler Angles    : [-30, 90, 0]\n",
      "Extracted Euler Angles: (-29.999999999999996, 90.0, 0.0)\n",
      "\n",
      "Difference between input and extracted angles: [-3.55271368e-15  0.00000000e+00  0.00000000e+00]\n",
      "----------------------------------------------------------------------------------------------------\n"
     ]
    }
   ],
   "source": [
    "# List of all 12 possible Euler angle sequences\n",
    "sequences = ['121', '123', '131', '132',\n",
    "             '212', '213', '231', '232',\n",
    "             '312', '313', '321', '323']\n",
    "\n",
    "# Input angles\n",
    "angles_input = [-30, 90, 0]  # Angles in degrees\n",
    "transformation_type = 'passive'  # Can be 'passive' or 'active' as needed\n",
    "\n",
    "for sequence in sequences:\n",
    "    # Generate DCM using your Eulerto_DCM function\n",
    "    DCM = Euler_to_DCM(angles_input, sequence, transformation_type)\n",
    "    \n",
    "    # Extract Euler angles from the DCM using your DCM_to_Euler function\n",
    "    angles_output = DCM_to_Euler(DCM, sequence, transformation_type)\n",
    "    \n",
    "    # Compute the difference between input and output angles\n",
    "    angle_difference = np.array(angles_input) - np.array(angles_output)\n",
    "    \n",
    "    # Print results\n",
    "    print(f\"Sequence      : {sequence}\")\n",
    "    print(\"\")\n",
    "    print(\"Input Euler Angles    :\", angles_input)\n",
    "    print(\"Extracted Euler Angles:\", angles_output)\n",
    "    print(\"\")\n",
    "    print(\"Difference between input and extracted angles:\", angle_difference)\n",
    "    print(\"-\" * 100)"
   ]
  },
  {
   "cell_type": "code",
   "execution_count": null,
   "id": "a129ac1b-1d73-4c02-b7b4-b2cf776b5446",
   "metadata": {},
   "outputs": [],
   "source": []
  },
  {
   "cell_type": "markdown",
   "id": "077421d1-30cc-4bd4-82fe-2bfa2d71d336",
   "metadata": {},
   "source": [
    "# 4) BodyRate_to_EulerRate"
   ]
  },
  {
   "cell_type": "code",
   "execution_count": 7,
   "id": "383cef3b-5de8-4c00-860e-dabd352574e2",
   "metadata": {},
   "outputs": [],
   "source": [
    "def BodyRate_to_EulerRate(angles, omega, sequence):\n",
    "    \"\"\"\n",
    "    Converts body rates (angular velocities in the body frame) to Euler angle rates\n",
    "    based on the specified rotation sequence and Euler angles.\n",
    "\n",
    "    Args:\n",
    "        angles (list or tuple): Euler angles [theta_1, theta_2, theta_3] in degrees.\n",
    "        omega (list or tuple): Body rates [omega1, omega2, omega3] in radians per second.\n",
    "        sequence (str): The rotation sequence as a string (e.g., '321', 'ZYX').\n",
    "\n",
    "    Returns:\n",
    "        numpy.ndarray: Euler angle rates [theta_1_dot, theta_2_dot, theta_3_dot] in degrees per second.\n",
    "\n",
    "    Notes:\n",
    "        - The function computes the B matrix based on the rotation sequence and Euler angles.\n",
    "        - It handles both proper Euler angles and Tait-Bryan angles.\n",
    "        - Angles are input and output in degrees; internal computations are in radians.\n",
    "        - The axis indices correspond to 1-based indexing to match standard notation.\n",
    "    \"\"\"\n",
    "    # Validate input lengths\n",
    "    if len(angles) != 3:\n",
    "        raise ValueError(\"The 'angles' parameter must have three elements.\")\n",
    "    if len(omega) != 3:\n",
    "        raise ValueError(\"The 'omega' parameter must have three elements.\")\n",
    "    if len(sequence) != 3:\n",
    "        raise ValueError(\"The 'sequence' parameter must be a string of three characters.\")\n",
    "\n",
    "    # Convert input angles from degrees to radians\n",
    "    angles_rad = np.deg2rad(angles)\n",
    "    theta_1, theta_2, theta_3 = angles_rad  # Euler angles in radians\n",
    "\n",
    "    # Convert omega to a NumPy array\n",
    "    omega = np.array(omega)  # Body rates in radians per second\n",
    "\n",
    "    # Map axes to indices (1-based indexing for clarity)\n",
    "    axis_map = {'1': 1, '2': 2, '3': 3,\n",
    "                'x': 1, 'y': 2, 'z': 3}\n",
    "\n",
    "    # Convert sequence to indices\n",
    "    sequence = sequence.lower()\n",
    "    try:\n",
    "        axes = [axis_map[axis] for axis in sequence]\n",
    "    except KeyError as e:\n",
    "        raise ValueError(f\"Invalid axis '{e.args[0]}' in rotation sequence.\")\n",
    "\n",
    "    # Precompute trigonometric functions with subscripts matching theta_1, theta_2, theta_3\n",
    "    s1 = np.sin(theta_1)\n",
    "    c1 = np.cos(theta_1)\n",
    "    s2 = np.sin(theta_2)\n",
    "    c2 = np.cos(theta_2)\n",
    "    s3 = np.sin(theta_3)\n",
    "    c3 = np.cos(theta_3)\n",
    "\n",
    "    # Initialize the B matrix\n",
    "    B = np.zeros((3, 3))\n",
    "\n",
    "    # Define a small threshold to avoid division by zero\n",
    "    epsilon = np.finfo(float).eps\n",
    "\n",
    "    # Compute the B matrix based on the rotation sequence\n",
    "    # The indices in B correspond to the 1-based axis indices minus 1 (for zero-based indexing)\n",
    "    if sequence == '121':\n",
    "        if abs(s2) < epsilon:\n",
    "            raise ValueError(\"Singularity encountered: sin(theta_2) is zero.\")\n",
    "        B[0, :] = [0, s3, c3]\n",
    "        B[1, :] = [0, s2 * c3, -s2 * s3]\n",
    "        B[2, :] = [s2, -c2 * s3, -c2 * c3]\n",
    "        B /= s2\n",
    "        \n",
    "    elif sequence == '123':\n",
    "        if abs(c2) < epsilon:\n",
    "            raise ValueError(\"Singularity encountered: cos(theta_2) is zero.\")\n",
    "        B[0, :] = [c3, -s3, 0]\n",
    "        B[1, :] = [c2 * s3, c2 * c3, 0]\n",
    "        B[2, :] = [-s2 * c3, s2 * s3, c2]\n",
    "        B /= c2\n",
    "        \n",
    "    elif sequence == '131':\n",
    "        if abs(s2) < epsilon:\n",
    "            raise ValueError(\"Singularity encountered: sin(theta_2) is zero.\")\n",
    "        B[0, :] = [0, -c3, s3]\n",
    "        B[1, :] = [0, s2 * s3, s2 * c3]\n",
    "        B[2, :] = [s2, c2 * c3, -c2 * s3]\n",
    "        B /= s2\n",
    "    elif sequence == '132':\n",
    "        if abs(c2) < epsilon:\n",
    "            raise ValueError(\"Singularity encountered: cos(theta_2) is zero.\")\n",
    "        B[0, :] = [c3, 0, s3]\n",
    "        B[1, :] = [-c2 * s3, 0, c2 * c3]\n",
    "        B[2, :] = [s2 * c3, c2, s2 * s3]\n",
    "        B /= c2\n",
    "        \n",
    "    elif sequence == '212':\n",
    "        if abs(s2) < epsilon:\n",
    "            raise ValueError(\"Singularity encountered: sin(theta_2) is zero.\")\n",
    "        B[0, :] = [s3, 0, -c3]\n",
    "        B[1, :] = [s2 * c3, 0, s2 * s3]\n",
    "        B[2, :] = [-c2 * s3, s2, c2 * c3]\n",
    "        B /= s2\n",
    "        \n",
    "    elif sequence == '213':\n",
    "        if abs(c2) < epsilon:\n",
    "            raise ValueError(\"Singularity encountered: cos(theta_2) is zero.\")\n",
    "        B[0, :] = [s3, c3, 0]\n",
    "        B[1, :] = [c2 * c3, -c2 * s3, 0]\n",
    "        B[2, :] = [s2 * s3, s2 * c3, c2]\n",
    "        B /= c2\n",
    "        \n",
    "    elif sequence == '231':\n",
    "        if abs(c2) < epsilon:\n",
    "            raise ValueError(\"Singularity encountered: cos(theta_2) is zero.\")\n",
    "        B[0, :] = [0, c3, -s3]\n",
    "        B[1, :] = [0, c2 * s3, c2 * c3]\n",
    "        B[2, :] = [c2, -s2 * c3, s2 * s3]\n",
    "        B /= c2\n",
    "    elif sequence == '232':\n",
    "        if abs(s2) < epsilon:\n",
    "            raise ValueError(\"Singularity encountered: sin(theta_2) is zero.\")\n",
    "        B[0, :] = [c3, 0, s3]\n",
    "        B[1, :] = [-s2 * s3, 0, s2 * c3]\n",
    "        B[2, :] = [-c2 * c3, s2, -c2 * s3]\n",
    "        B /= s2\n",
    "        \n",
    "    elif sequence == '312':\n",
    "        if abs(c2) < epsilon:\n",
    "            raise ValueError(\"Singularity encountered: cos(theta_2) is zero.\")\n",
    "        B[0, :] = [-s3, 0, c3]\n",
    "        B[1, :] = [c2 * c3, 0, c2 * s3]\n",
    "        B[2, :] = [s2 * s3, c2, -s2 * c3]\n",
    "        B /= c2\n",
    "    elif sequence == '313':\n",
    "        if abs(s2) < epsilon:\n",
    "            raise ValueError(\"Singularity encountered: sin(theta_2) is zero.\")\n",
    "        B[0, :] = [s3, c3, 0]\n",
    "        B[1, :] = [c3 * s2, -s3 * s2, 0]\n",
    "        B[2, :] = [-s3 * c2, -c3 * c2, s2]\n",
    "        B /= s2\n",
    "        \n",
    "    elif sequence == '321':\n",
    "        if abs(c2) < epsilon:\n",
    "            raise ValueError(\"Singularity encountered: cos(theta_2) is zero.\")\n",
    "        B[0, :] = [0, s3, c3]\n",
    "        B[1, :] = [0, c2 * c3, -c2 * s3]\n",
    "        B[2, :] = [c2, s2 * s3, s2 * c3]\n",
    "        B /= c2\n",
    "        \n",
    "    elif sequence == '323':\n",
    "        if abs(s2) < epsilon:\n",
    "            raise ValueError(\"Singularity encountered: sin(theta_2) is zero.\")\n",
    "        B[0, :] = [-c3, s3, 0]\n",
    "        B[1, :] = [s2 * s3, s2 * c3, 0]\n",
    "        B[2, :] = [c2 * c3, -c2 * s3, s2]\n",
    "        B /= s2\n",
    "        \n",
    "    else:\n",
    "        raise NotImplementedError(f\"Rotation sequence '{sequence}' is not implemented.\")\n",
    "\n",
    "    # Compute Euler angle rates in radians per second\n",
    "    euler_rates_rad = np.matmul(B, omega)\n",
    "\n",
    "    # Convert Euler rates from radians per second to degrees per second\n",
    "    euler_rates_deg = np.rad2deg(euler_rates_rad)\n",
    "\n",
    "    return euler_rates_deg"
   ]
  },
  {
   "cell_type": "code",
   "execution_count": 8,
   "id": "e5b4255e-81dc-42af-b435-f62c5c5fd89a",
   "metadata": {},
   "outputs": [
    {
     "ename": "ValueError",
     "evalue": "Singularity encountered: cos(theta_2) is zero.",
     "output_type": "error",
     "traceback": [
      "\u001b[1;31m---------------------------------------------------------------------------\u001b[0m",
      "\u001b[1;31mValueError\u001b[0m                                Traceback (most recent call last)",
      "Cell \u001b[1;32mIn[8], line 7\u001b[0m\n\u001b[0;32m      4\u001b[0m sequence \u001b[38;5;241m=\u001b[39m \u001b[38;5;124m'\u001b[39m\u001b[38;5;124m123\u001b[39m\u001b[38;5;124m'\u001b[39m  \u001b[38;5;66;03m# Rotation sequence\u001b[39;00m\n\u001b[0;32m      6\u001b[0m \u001b[38;5;66;03m# Compute Euler angle rates\u001b[39;00m\n\u001b[1;32m----> 7\u001b[0m euler_rates \u001b[38;5;241m=\u001b[39m BodyRate_to_EulerRate(angles, omega, sequence)\n\u001b[0;32m      9\u001b[0m \u001b[38;5;28mprint\u001b[39m(\u001b[38;5;124m\"\u001b[39m\u001b[38;5;124mEuler angle rates (degrees per second):\u001b[39m\u001b[38;5;124m\"\u001b[39m, euler_rates)\n",
      "Cell \u001b[1;32mIn[7], line 72\u001b[0m, in \u001b[0;36mBodyRate_to_EulerRate\u001b[1;34m(angles, omega, sequence)\u001b[0m\n\u001b[0;32m     70\u001b[0m \u001b[38;5;28;01melif\u001b[39;00m sequence \u001b[38;5;241m==\u001b[39m \u001b[38;5;124m'\u001b[39m\u001b[38;5;124m123\u001b[39m\u001b[38;5;124m'\u001b[39m:\n\u001b[0;32m     71\u001b[0m     \u001b[38;5;28;01mif\u001b[39;00m \u001b[38;5;28mabs\u001b[39m(c2) \u001b[38;5;241m<\u001b[39m epsilon:\n\u001b[1;32m---> 72\u001b[0m         \u001b[38;5;28;01mraise\u001b[39;00m \u001b[38;5;167;01mValueError\u001b[39;00m(\u001b[38;5;124m\"\u001b[39m\u001b[38;5;124mSingularity encountered: cos(theta_2) is zero.\u001b[39m\u001b[38;5;124m\"\u001b[39m)\n\u001b[0;32m     73\u001b[0m     B[\u001b[38;5;241m0\u001b[39m, :] \u001b[38;5;241m=\u001b[39m [c3, \u001b[38;5;241m-\u001b[39ms3, \u001b[38;5;241m0\u001b[39m]\n\u001b[0;32m     74\u001b[0m     B[\u001b[38;5;241m1\u001b[39m, :] \u001b[38;5;241m=\u001b[39m [c2 \u001b[38;5;241m*\u001b[39m s3, c2 \u001b[38;5;241m*\u001b[39m c3, \u001b[38;5;241m0\u001b[39m]\n",
      "\u001b[1;31mValueError\u001b[0m: Singularity encountered: cos(theta_2) is zero."
     ]
    }
   ],
   "source": [
    "# Example usage of the updated BodyRate_to_EulerRate function\n",
    "angles = [30, 90, 60]  # q1, q2, q3 in degrees\n",
